6.000282969135671607e+00
4.003337829117778135e+00
6.018753883807297811e+00
6.843708602330266011e+00
4.000000000000000000e+00
4.440307712205911805e+00
4.023340653670384626e+00
4.072762595659463081e+00
2.517470528123599394e+00
8.586147284131753210e+00
2.175219396038559516e+00
2.407531381962388295e+01
1.053381914939677344e+01
3.627898566136173031e+01
7.695530962506181183e+00
9.976913488259564033e+00
6.649596585375510571e+00
2.061038658613764341e+00
1.884772458204438550e+01
5.627154720538079857e+00
1.738121470930099122e+01
9.202824895235842462e+00
9.618812789294805654e+00
1.914093374950639159e+01
5.703844055655730827e+00
5.598631208786990499e+00
1.228809223882578117e+01
1.340575196226396137e+01
2.295552931931801055e+01
1.710156130629209770e+01
7.508317923109997238e+00
1.349869709446103805e+01
1.361677397826720792e+01
1.550519502954446160e+01
4.018011465906797142e+00
1.443374833499900234e+01
3.036337555764846652e+00
3.032926183195308489e+00
1.846332534946481729e+01
1.450053574094887665e+01
1.251987826042691410e+01
1.002549253505006632e+01
1.293351675858325223e+01
1.273685847771810131e+01
4.500790261232896938e+00
8.958865308393257010e+00
1.130701524937969715e+01
2.185175641601368213e+01
9.092053468888593670e+00
3.178792163499453149e+00
1.523769595285535772e+01
1.011242066342467361e+01
7.735530878472439476e+00
2.078944334861569931e+00
3.191170907516932331e+00
4.321123782561483218e+00
4.373443690144791063e+00
7.584092718216669304e+00
1.201821866257139781e+01
4.405921092814256923e+00
1.047208111246831130e+01
9.043827636191039687e+00
9.098047531415442535e+00
9.459231838893735755e+00
4.497893798121031850e+00
1.067348444180638722e+01
8.988529433045968631e+00
9.976152830241581171e+00
4.649515806473001334e+00
1.246243216024776501e+01
9.253069192833216050e+00
1.451473877799129575e+01
3.711902701795545934e+00
1.635315851071412752e+01
1.095922531068973171e+01
3.935821339577825206e+00
