3.448873522238437999e+03
6.391584365645244361e+03
9.840457869171912535e+03
6.208406216904158100e+03
1.876863857259749018e-05
1.583669538178564471e+04
1.039371381668328650e+04
1.009723667069309522e+04
2.037938581760318993e+04
6.391170287856286450e+03
1.554587713792758950e+04
1.190027688823165772e+04
1.648127950506605339e+04
1.259999056383818606e+04
7.794902583755396336e+03
1.112370056484996348e+04
1.323349248337266908e+04
1.571814334828194478e+04
1.340991060730743266e+04
1.218946577266032546e+04
7.521719503453197831e+03
7.763400376858488016e+03
1.575314512986441878e+04
7.934742081140121627e+03
2.178713370071270037e+04
2.157202182509698832e+04
1.765583043589273439e+04
2.288502280824130503e+04
1.151007199665250846e+04
8.286853238106323261e+03
5.585220178327397662e+03
1.834732575197003462e+04
8.372590345561678987e+03
1.020456861569165812e+04
9.741588180900291263e+03
8.588597194566325925e+03
1.380666946297594222e+04
1.347055059811202955e+04
1.128117078919981577e+04
9.974106895151895515e+03
9.124209907443802877e+03
8.766941230190339411e+03
2.251113805620601124e+04
9.189327477862074375e+03
1.968248824230542959e+04
1.831141582054978062e+04
8.592561130916983529e+03
1.133872700514787721e+04
1.153206036722778663e+04
1.562452438521058139e+04
7.825475868027820070e+03
1.192618446744304310e+04
1.008709159461750460e+04
1.676217005900427830e+04
1.588821604754646069e+04
2.001753602288110051e+04
1.925097431560115729e+04
1.001983832475444797e+04
9.564848524792083481e+03
2.122525447400917255e+04
9.066081328215415851e+03
6.861789319844619058e+03
7.760230781564367135e+03
7.084794913088500834e+03
8.883976462941169302e+03
9.927533961435716265e+03
1.833416264371239595e+04
8.146176521005259929e+03
9.015826291277729979e+03
9.689603182236725843e+03
8.471361939232210716e+03
1.023014557316208629e+04
7.849204313805240417e+03
1.084505200241818602e+04
1.001868972633541671e+04
8.094167413772207510e+03
